3807
3806
3805
3789
3788
3787
3786
3785
3784
3783
3782
3781
3780
3779
3778
3777
3776
3775
3774
3773
3772
3771
3770
3769
3768
3767
3766
3765
3764
3763
3761
3760
3759
3758
3757
3756
3755
3754
3753
3752
3751
3750
3749
3748
3747
3746
3745
3744
3743
3742
3741
3740
3732
3731
3730
3729
3728
3727
3726
3725
3724
3723
3722
3721
3720
3719
3718
3717
3716
3715
3714
3713
3712
3711
3710
3709
3708
3707
3706
3705
3704
3703
3702
3701
3700
3699
3698
3697
3687
3686
3685
3684
3683
3682
3681
3680
3679
3678
3677
3676
3675
3674
3673
3671
3670
3669
3668
3667
3666
3665
3664
3663
3662
3661
3654
3653
3652
3651
3650
3649
3648
3647
3646
3645
3644
3642
3641
3640
3639
3638
3637
3636
3635
3634
3633
3632
3631
3630
3629
3628
3627
3626
3625
3624
3623
3622
3621
3620
3619
3618
3617
3616
3615
3614
3607
3606
3605
3604
3603
3601
3600
3599
3598
3597
3596
3595
3594
3593
3592
3591
3590
3589
3588
3587
3586
3585
3584
3583
3582
3581
3580
3579
3578
3577
3576
3575
3574
3573
3571
3570
3569
3568
3567
3566
3565
3564
3563
3562
3561
3560
3559
3558
3557
3556
3555
3554
3553
3552
3551
3550
3549
3548
3547
3546
3545
3544
3543
3541
3540
3518
3517
3516
3515
3514
3513
3512
3511
3510
3509
3503
3502
3501
3500
3499
3498
3497
3496
3495
3494
3493
3492
3491
3490
3489
3488
3487
3486
3485
3484
3482
3481
3480
3479
3478
3477
3476
3475
3471
3470
3466
3465
3464
3463
3462
3144
3143
3142
3141
3140
3139
3138
3136
3135
3134
3129
3128
3127
3126
3125
3121
3120
3119
3118
3117
3116
3115
3114
3113
3112
3111
3110
3109
3108
3107
3106
3105
3104
3103
3102
3101
3100
3098
3097
3096
3095
3094
3093
3092
3091
3089
3088
3087
3086
3085
3081
3080
3079
3076
3075
3074
3073
3072
3071
3070
3067
3066
3065
3064
3063
3062
3061
3060
3059
3058
3054
3053
3052
3051
3050
3049
3048
3047
3046
3045
3044
3043
3042
3030
3029
3028
3027
3026
3025
3024
3021
3020
3019
3018
3017
3016
3015
3011
3010
2933
2929
2915
2899
2808
2795
2789
2776
2771
